Rank-1: 88.15%
Rank-5: 99.63%

              precision    recall  f1-score   support

           0       0.91      0.86      0.88        35
           1       0.75      0.92      0.83        26
           2       0.94      0.88      0.91        34
           3       1.00      0.81      0.89        21
           4       0.80      0.88      0.84        32
           5       0.92      0.92      0.92        26
           6       0.94      0.85      0.89        40
           7       0.87      0.90      0.88        29
           8       0.86      0.93      0.89        27

    accuracy                           0.88       270
   macro avg       0.89      0.88      0.88       270
weighted avg       0.89      0.88      0.88       270

